COS
graph final
0.5 + e: [0.7853, 0.8369, 0.8509, 0.8438]
cos sim_only: [0.7468, 0.8255, 0.7971, 0.811]
rbf sim_only: [0.6977, 0.8188, 0.7148, 0.7632]

graph 100
0.5 + e [0.66, 0.8843, 0.6809, 0.7615]
cos sim_only [0.59, 0.8429, 0.6039, 0.7033]
rbf sim_only [0.61, 0.8617, 0.614, 0.7084]

graph 200
0.5 + e [0.6, 0.7898, 0.6347, 0.6926]
cos sim_only [0.61, 0.8163, 0.6005, 0.6891]
rbf sim_only [0.56, 0.7666, 0.5935, 0.6518]
graph 500
0.5 + e [0.68, 0.8296, 0.6471, 0.7235]
cos sim_only [0.65, 0.7875, 0.6336, 0.7012]
rbf sim_only [0.638, 0.8144, 0.5784, 0.6724]
graph 1000
0.5 + e [0.717, 0.8278, 0.7092, 0.7631]
cos sim_only [0.719, 0.8379, 0.7052, 0.7637]
rbf sim_only [0.682, 0.817, 0.6566, 0.7273]
graph 5000
0.5 + e [0.7876, 0.8518, 0.8265, 0.8388]
cos sim_only [0.747, 0.8433, 0.7634, 0.8013]
rbf sim_only [0.7138, 0.835, 0.7124, 0.7688]

converged nodes:
Converged nodes List: [0, 59424, 35274, 64124, 35724, 64183, 35797, 64167, 35293, 63478, 35085, 62961, 35242, 63350, 35406, 63959, 35513, 64054, 35500, 64044, 35508, 64049, 35532, 64065, 35526, 64026, 35513, 64043, 35535, 64041, 35539, 64055, 35509, 64075, 35500, 64061, 35501, 64057, 35496, 64036, 35534, 64068, 35553, 64038, 35513, 64055, 35516, 64084, 35511, 64050, 35518, 64045, 35522, 64061, 35512, 64045, 35485, 64056, 35520, 64056, 35514, 64051, 35555, 64085, 35485, 64069, 35500, 64037, 35501, 64035, 35518, 64065, 35549, 64076, 35519, 64035, 35492, 64058, 35536, 64048, 35487, 64043, 35530, 64047, 35516, 64063, 35522, 64055, 35507, 64048, 35516, 64039, 35534, 64047, 35515, 64062, 35524, 64061, 35508, 64034, 35507, 64064]

Converged nodes List: [0, 59364, 35277, 64619, 35696, 64673, 35726, 64673, 35262, 63918, 35035, 63253, 35189, 63761, 35393, 64447, 35417, 64536, 35457, 64573, 35473, 64544, 35444, 64559, 35438, 64544, 35462, 64552, 35447, 64549, 35470, 64498, 35379, 64530, 35440, 64543, 35466, 64535, 35481, 64519, 35444, 64539, 35447, 64545, 35413, 64522, 35465, 64529, 35438, 64536, 35439, 64533, 35419, 64556, 35402, 64563, 35453, 64554, 35460, 64540, 35432, 64554, 35454, 64534, 35403, 64530, 35427, 64549, 35432, 64537, 35458, 64544, 35439, 64565, 35439, 64547, 35445, 64559, 35454, 64504, 35444, 64508, 35452, 64518, 35453, 64566, 35420, 64558, 35452, 64527, 35393, 64576, 35421, 64535, 35472, 64557, 35488, 64533, 35460, 64540, 35421, 64563]

Converged nodes List: [0, 58980, 35190, 63813, 35684, 63832, 35746, 63835, 35270, 63239, 35091, 62562, 35283, 63022, 35392, 63577, 35430, 63687, 35451, 63689, 35456, 63698, 35490, 63707, 35473, 63707, 35470, 63722, 35442, 63708, 35445, 63712, 35509, 63662, 35467, 63705, 35477, 63713, 35456, 63712, 35480, 63699, 35464, 63697, 35463, 63703, 35444, 63692, 35466, 63691, 35465, 63716, 35483, 63694, 35446, 63705, 35484, 63708, 35445, 63690, 35466, 63709, 35466, 63724, 35501, 63732, 35461, 63693, 35439, 63705, 35491, 63681, 35439, 63699, 35493, 63725, 35469, 63708, 35468, 63717, 35461, 63715, 35438, 63726, 35476, 63715, 35437, 63711, 35483, 63737, 35435, 63690, 35435, 63715, 35456, 63700, 35474, 63728, 35504, 63700, 35459, 63727]

Converged nodes List: [0, 59592, 35286, 63794, 35753, 63828, 35778, 63820, 35305, 63136, 35073, 62699, 35292, 63104, 35433, 63647, 35480, 63713, 35521, 63690, 35485, 63681, 35492, 63695, 35498, 63665, 35490, 63704, 35480, 63706, 35483, 63686, 35493, 63719, 35506, 63688, 35507, 63672, 35495, 63719, 35472, 63720, 35496, 63685, 35473, 63698, 35471, 63656, 35483, 63693, 35508, 63731, 35489, 63685, 35524, 63702, 35483, 63695, 35490, 63688, 35495, 63675, 35495, 63694, 35473, 63672, 35491, 63695, 35497, 63698, 35503, 63693, 35515, 63689, 35495, 63724, 35496, 63672, 35509, 63696, 35514, 63713, 35492, 63706, 35486, 63695, 35531, 63719, 35496, 63714, 35484, 63728, 35480, 63711, 35508, 63724, 35479, 63698, 35540, 63700, 35517, 63709]

Converged nodes List: [0, 59985, 35171, 64779, 35664, 64802, 35663, 64792, 35197, 64204, 34959, 63457, 35116, 64019, 35283, 64578, 35343, 64616, 35389, 64691, 35394, 64650, 35372, 64691, 35396, 64678, 35384, 64648, 35397, 64665, 35387, 64627, 35345, 64693, 35401, 64658, 35367, 64632, 35401, 64686, 35404, 64703, 35340, 64655, 35389, 64667, 35404, 64633, 35377, 64631, 35369, 64677, 35366, 64690, 35409, 64673, 35383, 64674, 35399, 64667, 35361, 64700, 35365, 64668, 35383, 64700, 35397, 64664, 35399, 64677, 35363, 64688, 35409, 64647, 35351, 64684, 35369, 64705, 35392, 64688, 35373, 64638, 35416, 64640, 35373, 64685, 35381, 64639, 35386, 64680, 35362, 64673, 35400, 64684, 35358, 64639, 35390, 64688, 35410, 64669, 35395, 64666]